 ***************************************************
 SINGLE ELEMENT CALCULATION
 SINGLE PHASE CALCULATION
 ***************************************************

 --> NUMBER OF GRAINS PER ELEMENT IS   729
 --> TOTAL NUMBER OF GRAINS IS   729

*******   STEP   1

   ITSGR    SIGGR      SIGAV        DAV    ITTAN     MTAN    ITSEC     MSEC


 TANGENT CALCULATION

+    1  0.584E+00  0.233E+00  0.896E+00
+    2  0.108E+00  0.969E+00  0.678E+00
+    3  0.248E-01  0.920E+00  0.239E+00
+    4  0.178E-01  0.920E+00  0.152E+00
+    5  0.193E-01  0.844E+00  0.165E+00
+    6  0.124E-01  0.648E+00  0.895E-01
+    7  0.106E-01  0.507E+00  0.614E-01
+    8  0.960E-02  0.435E+00  0.544E-01
+    9  0.808E-02  0.382E+00  0.457E-01
+   10  0.719E-02  0.333E+00  0.407E-01
+   11  0.642E-02  0.290E+00  0.361E-01
+   12  0.566E-02  0.255E+00  0.315E-01
+   13  0.507E-02  0.227E+00  0.280E-01
+   14  0.459E-02  0.207E+00  0.253E-01
+   15  0.421E-02  0.191E+00  0.233E-01
+   16  0.391E-02  0.178E+00  0.217E-01
+   17  0.366E-02  0.169E+00  0.203E-01
+   18  0.345E-02  0.161E+00  0.192E-01
+   19  0.328E-02  0.156E+00  0.182E-01
+   20  0.314E-02  0.151E+00  0.174E-01
+   21  0.302E-02  0.147E+00  0.167E-01
+   22  0.292E-02  0.144E+00  0.160E-01
+   23  0.282E-02  0.141E+00  0.155E-01
+   24  0.274E-02  0.139E+00  0.150E-01
+   25  0.267E-02  0.136E+00  0.145E-01
+   26  0.260E-02  0.134E+00  0.141E-01
+   27  0.254E-02  0.131E+00  0.137E-01
+   28  0.248E-02  0.129E+00  0.133E-01
+   29  0.242E-02  0.127E+00  0.129E-01
+   30  0.237E-02  0.125E+00  0.126E-01
+   31  0.231E-02  0.123E+00  0.123E-01
+   32  0.226E-02  0.121E+00  0.120E-01
+   33  0.222E-02  0.119E+00  0.117E-01
+   34  0.217E-02  0.117E+00  0.114E-01
+   35  0.213E-02  0.115E+00  0.111E-01
+   36  0.208E-02  0.114E+00  0.108E-01
+   37  0.204E-02  0.112E+00  0.106E-01
+   38  0.200E-02  0.110E+00  0.103E-01
+   39  0.196E-02  0.108E+00  0.101E-01
+   40  0.192E-02  0.106E+00  0.984E-02
+   41  0.189E-02  0.105E+00  0.961E-02
+   42  0.185E-02  0.103E+00  0.939E-02
+   43  0.181E-02  0.101E+00  0.918E-02
+   44  0.178E-02  0.998E-01  0.898E-02
+   45  0.175E-02  0.982E-01  0.878E-02
+   46  0.171E-02  0.967E-01  0.859E-02
+   47  0.168E-02  0.951E-01  0.840E-02
+   48  0.165E-02  0.936E-01  0.822E-02
+   49  0.162E-02  0.922E-01  0.804E-02
+   50  0.159E-02  0.907E-01  0.787E-02
+   51  0.156E-02  0.893E-01  0.770E-02
+   52  0.153E-02  0.879E-01  0.754E-02
+   53  0.150E-02  0.865E-01  0.738E-02
+   54  0.148E-02  0.852E-01  0.723E-02
+   55  0.145E-02  0.838E-01  0.708E-02
+   56  0.142E-02  0.825E-01  0.694E-02
+   57  0.140E-02  0.812E-01  0.680E-02
+   58  0.137E-02  0.800E-01  0.666E-02
+   59  0.135E-02  0.787E-01  0.652E-02
+   60  0.133E-02  0.775E-01  0.639E-02
+   61  0.130E-02  0.763E-01  0.627E-02
+   62  0.128E-02  0.752E-01  0.614E-02
+   63  0.126E-02  0.740E-01  0.602E-02
+   64  0.124E-02  0.729E-01  0.591E-02
+   65  0.121E-02  0.717E-01  0.579E-02
+   66  0.119E-02  0.706E-01  0.568E-02
+   67  0.117E-02  0.696E-01  0.557E-02
+   68  0.115E-02  0.685E-01  0.546E-02
+   69  0.113E-02  0.674E-01  0.536E-02
+   70  0.111E-02  0.664E-01  0.526E-02
+   71  0.110E-02  0.654E-01  0.516E-02
+   72  0.108E-02  0.644E-01  0.506E-02
+   73  0.106E-02  0.634E-01  0.497E-02
+   74  0.104E-02  0.625E-01  0.487E-02
+   75  0.102E-02  0.615E-01  0.478E-02
+   76  0.101E-02  0.606E-01  0.470E-02
+   77  0.990E-03  0.597E-01  0.461E-02
+   78  0.973E-03  0.588E-01  0.453E-02
+   79  0.957E-03  0.579E-01  0.444E-02
+   80  0.941E-03  0.570E-01  0.436E-02
+   81  0.926E-03  0.561E-01  0.428E-02
+   82  0.910E-03  0.553E-01  0.421E-02
+   83  0.895E-03  0.544E-01  0.413E-02
+   84  0.881E-03  0.536E-01  0.406E-02
+   85  0.866E-03  0.528E-01  0.398E-02
+   86  0.852E-03  0.520E-01  0.391E-02
+   87  0.838E-03  0.512E-01  0.385E-02
+   88  0.825E-03  0.505E-01  0.378E-02
+   89  0.811E-03  0.497E-01  0.371E-02
+   90  0.798E-03  0.490E-01  0.365E-02
+   91  0.904E-03  0.481E-01  0.341E-02
+   92  0.779E-03  0.475E-01  0.352E-02
+   93  0.870E-03  0.466E-01  0.331E-02
+   94  0.765E-03  0.459E-01  0.346E-02
+   95  0.841E-03  0.450E-01  0.321E-02
+   96  0.734E-03  0.444E-01  0.331E-02
+   97  0.813E-03  0.436E-01  0.307E-02
+   98  0.704E-03  0.430E-01  0.316E-02
+   99  0.785E-03  0.422E-01  0.295E-02
+  100  0.683E-03  0.416E-01  0.306E-02

*******   STEP   2

   ITSGR    SIGGR      SIGAV        DAV    ITTAN     MTAN    ITSEC     MSEC


 TANGENT CALCULATION

+    1  0.120E+00  0.863E-01  0.716E+00
+    2  0.419E-01  0.763E+00  0.244E+00
+    3  0.275E-01  0.222E+00  0.743E-01
+    4  0.194E-01  0.102E+00  0.845E-01
+    5  0.352E-02  0.103E+00  0.220E-01
+    6  0.276E-02  0.606E-01  0.110E-01
+    7  0.193E-02  0.476E-01  0.988E-02
+    8  0.760E-03  0.384E-01  0.422E-02
+    9  0.693E-03  0.315E-01  0.356E-02
+   10  0.575E-03  0.268E-01  0.301E-02
+   11  0.538E-03  0.227E-01  0.228E-02
+   12  0.374E-03  0.188E-01  0.206E-02
+   13  0.381E-03  0.162E-01  0.176E-02
+   14  0.348E-03  0.140E-01  0.147E-02
+   15  0.308E-03  0.124E-01  0.126E-02
+   16  0.274E-03  0.114E-01  0.119E-02
+   17  0.250E-03  0.107E-01  0.115E-02
+   18  0.234E-03  0.102E-01  0.106E-02
+   19  0.221E-03  0.976E-02  0.981E-03
+   20  0.213E-03  0.934E-02  0.964E-03
+   21  0.209E-03  0.899E-02  0.961E-03
+   22  0.206E-03  0.871E-02  0.915E-03
+   23  0.200E-03  0.854E-02  0.859E-03
+   24  0.192E-03  0.842E-02  0.841E-03
+   25  0.185E-03  0.832E-02  0.839E-03
+   26  0.179E-03  0.819E-02  0.817E-03
+   27  0.175E-03  0.801E-02  0.787E-03
+   28  0.172E-03  0.779E-02  0.773E-03
+   29  0.170E-03  0.757E-02  0.767E-03
+   30  0.168E-03  0.738E-02  0.747E-03
+   31  0.165E-03  0.723E-02  0.718E-03
+   32  0.160E-03  0.711E-02  0.699E-03
+   33  0.155E-03  0.700E-02  0.689E-03
+   34  0.151E-03  0.689E-02  0.676E-03
+   35  0.147E-03  0.674E-02  0.658E-03
+   36  0.145E-03  0.658E-02  0.644E-03
+   37  0.143E-03  0.641E-02  0.634E-03
+   38  0.140E-03  0.626E-02  0.621E-03
+   39  0.138E-03  0.612E-02  0.603E-03
+   40  0.134E-03  0.601E-02  0.587E-03
+   41  0.131E-03  0.590E-02  0.576E-03
+   42  0.127E-03  0.579E-02  0.565E-03
+   43  0.124E-03  0.568E-02  0.552E-03
+   44  0.122E-03  0.555E-02  0.540E-03
+   45  0.120E-03  0.542E-02  0.530E-03
+   46  0.118E-03  0.529E-02  0.519E-03
+   47  0.116E-03  0.518E-02  0.507E-03
+   48  0.113E-03  0.507E-02  0.494E-03
+   49  0.110E-03  0.498E-02  0.484E-03
+   50  0.107E-03  0.488E-02  0.474E-03
+   51  0.105E-03  0.478E-02  0.464E-03
+   52  0.103E-03  0.468E-02  0.454E-03
+   53  0.101E-03  0.458E-02  0.445E-03
+   54  0.990E-04  0.447E-02  0.436E-03
+   55  0.970E-04  0.438E-02  0.426E-03
+   56  0.950E-04  0.429E-02  0.416E-03
+   57  0.928E-04  0.420E-02  0.407E-03
+   58  0.906E-04  0.412E-02  0.399E-03
+   59  0.886E-04  0.403E-02  0.390E-03
+   60  0.867E-04  0.395E-02  0.382E-03
+   61  0.850E-04  0.386E-02  0.374E-03
+   62  0.833E-04  0.378E-02  0.366E-03
+   63  0.816E-04  0.370E-02  0.358E-03
+   64  0.799E-04  0.362E-02  0.351E-03
+   65  0.782E-04  0.355E-02  0.343E-03
+   66  0.764E-04  0.347E-02  0.336E-03
+   67  0.747E-04  0.340E-02  0.329E-03
+   68  0.731E-04  0.333E-02  0.322E-03
+   69  0.716E-04  0.326E-02  0.315E-03
+   70  0.702E-04  0.319E-02  0.308E-03
+   71  0.688E-04  0.312E-02  0.302E-03
+   72  0.673E-04  0.306E-02  0.295E-03
+   73  0.659E-04  0.299E-02  0.289E-03
+   74  0.644E-04  0.293E-02  0.283E-03
+   75  0.630E-04  0.287E-02  0.277E-03
+   76  0.617E-04  0.281E-02  0.271E-03
+   77  0.604E-04  0.275E-02  0.265E-03
+   78  0.592E-04  0.270E-02  0.260E-03
+   79  0.580E-04  0.264E-02  0.254E-03
+   80  0.568E-04  0.258E-02  0.249E-03
+   81  0.556E-04  0.253E-02  0.244E-03
+   82  0.544E-04  0.248E-02  0.238E-03
+   83  0.532E-04  0.243E-02  0.233E-03
+   84  0.521E-04  0.238E-02  0.229E-03
+   85  0.510E-04  0.233E-02  0.224E-03
+   86  0.499E-04  0.228E-02  0.219E-03
+   87  0.489E-04  0.223E-02  0.214E-03
+   88  0.479E-04  0.218E-02  0.210E-03
+   89  0.469E-04  0.214E-02  0.205E-03
+   90  0.459E-04  0.209E-02  0.201E-03
+   91  0.449E-04  0.205E-02  0.197E-03
+   92  0.439E-04  0.201E-02  0.193E-03
+   93  0.430E-04  0.196E-02  0.189E-03
+   94  0.421E-04  0.192E-02  0.185E-03
+   95  0.412E-04  0.188E-02  0.181E-03
+   96  0.404E-04  0.184E-02  0.177E-03
+   97  0.395E-04  0.180E-02  0.173E-03
+   98  0.387E-04  0.177E-02  0.170E-03
+   99  0.379E-04  0.173E-02  0.166E-03
+  100  0.371E-04  0.169E-02  0.163E-03

 TOTAL RUN TIME:      0.78 secs
