Text Format of ODF File (Arbitrary Resolution) 1HXNP23ZH (by ResMat)
19	19	19
0
1.00	1.00	1.00	90.00	90.00	90.00
0
1
5.00
1
0
0
5	5
0.0000	1.0000
0.0
7.4850	7.6218	4.0115	4.2296	2.7011	1.1812	0.0610	0.3984	0.0693	0.5632	0.0693	0.3984	0.0610	1.1812	2.7011	4.2296	4.0115	7.6218	7.4850	
14.7005	15.2982	5.8573	0.9377	0.3609	0.4917	0.0527	0.0668	0.0378	0.3145	0.0275	0.3788	0.1167	1.0609	0.6922	3.6433	2.5454	12.6474	16.3503	
23.7220	22.3129	6.1918	0.5880	0.4215	0.1219	0.1704	0.3741	0.0570	0.1122	0.0832	0.3455	0.0975	0.5943	0.9214	2.3762	2.6250	2.2658	4.7929	
26.0244	16.4501	9.6178	4.5454	1.5192	0.2493	0.1200	0.3735	0.2544	0.4033	0.0158	0.0194	0.0197	1.1279	0.3623	0.3070	1.0707	1.9103	0.4537	
9.2859	7.7808	4.3368	1.4538	1.3001	0.3506	0.1619	1.5493	0.1270	0.1924	0.0566	0.1508	0.0235	0.8291	0.4882	1.0345	2.0209	1.7211	0.5262	
8.2113	6.8261	3.4857	2.4073	5.0631	0.1051	0.1531	0.7116	0.1536	0.5496	0.0580	0.2231	0.0406	0.0915	0.4645	0.1564	0.3294	2.3721	6.5102	
21.7185	8.4501	2.2967	1.1818	1.2167	0.1386	0.2193	0.2688	0.3201	1.5558	0.2096	0.9308	0.0611	0.3798	0.0582	0.4631	0.3658	3.1614	3.3726	
7.7472	6.0845	2.5028	0.3168	0.6902	0.0570	0.0666	0.2457	0.1608	0.1365	0.0485	0.2460	0.1274	0.3728	0.1657	0.1689	0.1079	0.6009	0.8583	
1.1121	0.6027	3.1865	1.0452	0.9709	0.0717	0.0470	0.0551	0.0181	0.0963	0.0864	0.1263	0.0321	0.0614	0.2263	0.3840	0.0621	0.1278	0.1444	
0.0552	0.3106	0.6141	0.6492	0.4506	0.2254	0.0422	0.0259	0.0143	0.0135	0.0517	0.3684	0.0078	0.0984	0.0364	0.1410	0.0223	0.4855	0.7933	
1.1121	0.6027	3.1865	1.0452	0.9709	0.0717	0.0470	0.0551	0.0181	0.0963	0.0864	0.1263	0.0321	0.0614	0.2263	0.3840	0.0621	0.1278	0.1444	
7.7472	6.0845	2.5028	0.3168	0.6902	0.0570	0.0666	0.2457	0.1608	0.1365	0.0485	0.2460	0.1274	0.3728	0.1657	0.1689	0.1079	0.6009	0.8583	
21.7185	8.4501	2.2967	1.1818	1.2167	0.1386	0.2193	0.2688	0.3201	1.5558	0.2096	0.9308	0.0611	0.3798	0.0582	0.4631	0.3658	3.1614	3.3726	
8.2113	6.8261	3.4857	2.4073	5.0631	0.1051	0.1531	0.7116	0.1536	0.5496	0.0580	0.2231	0.0406	0.0915	0.4645	0.1564	0.3294	2.3721	6.5102	
9.2859	7.7808	4.3368	1.4538	1.3001	0.3506	0.1619	1.5493	0.1270	0.1924	0.0566	0.1508	0.0235	0.8291	0.4882	1.0345	2.0209	1.7211	0.5262	
26.0244	16.4501	9.6178	4.5454	1.5192	0.2493	0.1200	0.3735	0.2544	0.4033	0.0158	0.0194	0.0197	1.1279	0.3623	0.3070	1.0707	1.9103	0.4537	
23.7220	22.3129	6.1918	0.5880	0.4215	0.1219	0.1704	0.3741	0.0570	0.1122	0.0832	0.3455	0.0975	0.5943	0.9214	2.3762	2.6250	2.2658	4.7929	
14.7005	15.2982	5.8573	0.9377	0.3609	0.4917	0.0527	0.0668	0.0378	0.3145	0.0275	0.3788	0.1167	1.0609	0.6922	3.6433	2.5454	12.6474	16.3503	
7.4850	7.6218	4.0115	4.2296	2.7011	1.1812	0.0610	0.3984	0.0693	0.5632	0.0693	0.3984	0.0610	1.1812	2.7011	4.2296	4.0115	7.6218	7.4850	
5.0
7.6218	4.0115	4.2296	2.7011	1.1812	0.0610	0.3984	0.0693	0.5632	0.0693	0.3984	0.0610	1.1812	2.7011	4.2296	4.0115	7.6218	7.4850	7.6218	
15.9377	8.9227	1.4199	0.4525	0.2333	0.0924	0.0554	0.0263	0.1869	0.0379	0.3907	0.1548	1.2980	1.0106	1.5280	4.1377	5.0715	16.4453	11.7956	
33.2036	9.2937	0.8038	0.2770	0.0857	0.2095	0.9028	0.1381	0.1458	0.0444	0.3372	0.0779	0.3875	0.5619	6.3859	1.5521	3.2088	3.2682	3.4916	
17.3437	7.9684	5.8121	1.2894	0.3282	0.1063	0.3527	0.2000	0.2971	0.0161	0.0501	0.0236	0.2568	0.3642	2.1863	0.2715	0.9749	4.5801	0.2829	
8.9203	3.5007	1.7790	1.8041	0.3418	0.0967	0.9910	0.5270	0.3020	0.0300	0.6535	0.0230	0.1926	0.3749	1.8400	1.7260	1.5736	1.6980	0.7906	
8.6533	4.9749	2.5148	1.7357	0.1195	0.0998	0.4008	0.2866	0.2296	0.0206	0.1088	0.0212	0.0471	0.1344	0.1058	0.2878	1.4419	6.2423	2.3787	
12.6664	3.3679	1.5849	1.3986	0.1563	0.2878	0.3932	0.0910	0.6057	0.1016	1.5514	0.0669	0.4662	0.1060	0.4790	0.6567	1.4926	4.3078	1.0886	
4.3363	3.6674	2.8309	0.7354	0.0525	0.1789	0.3008	0.3143	0.2061	0.0728	0.0844	0.3292	0.4036	0.0980	0.5353	0.4484	0.2244	0.5594	0.2626	
0.8188	1.2657	0.8584	0.5897	0.1615	0.1253	0.1087	0.1307	0.0255	0.1240	0.1159	0.1148	0.0496	0.2976	0.2122	0.2664	0.2467	0.2646	0.6206	
0.3336	0.5123	2.2006	1.7472	0.5900	0.2022	0.0738	0.0391	0.0269	0.0166	0.0494	0.0671	0.3463	0.0700	0.1357	0.0597	0.4008	0.6907	0.5597	
1.1405	0.5829	0.8867	0.6781	3.0827	0.2057	0.0348	0.0316	1.1353	0.0586	0.0449	0.0769	0.3187	0.3382	0.1071	0.0541	0.1066	0.2812	0.2549	
4.9710	0.6364	1.2209	0.3731	0.1765	0.0262	0.4481	0.1687	0.6566	0.1840	0.1168	0.0694	0.2051	0.1957	0.0678	0.0580	0.3730	0.3164	0.2747	
15.9081	2.3043	1.4430	0.9351	0.2461	0.1489	1.1112	0.2422	1.1473	0.1940	0.1676	0.1387	0.1364	0.3811	0.0926	0.8641	0.2365	1.3485	2.4775	
11.4095	6.7817	7.5668	2.8795	0.4914	0.1702	0.7992	1.2052	0.3086	0.2099	0.1302	0.0501	0.0834	0.1483	0.1880	0.1834	0.5755	0.2870	1.8690	
14.1595	5.8654	3.5252	0.7078	0.9082	0.3637	3.8964	2.7635	0.9274	0.3080	0.3625	0.0535	0.0679	0.3528	1.0617	0.7837	3.0246	3.1008	1.1540	
23.4941	4.2770	4.4686	1.8218	1.0221	0.6023	1.4427	0.1694	0.0569	0.0781	0.0268	0.0034	0.0181	0.3204	0.1216	0.8228	1.7678	0.3214	1.3548	
27.5570	10.1204	2.1291	0.2031	0.2726	0.2550	0.2484	0.2819	0.2135	0.2672	0.0762	0.0612	0.0944	0.3167	0.3690	1.0813	2.4866	6.2878	6.0020	
13.8039	8.7310	5.3636	1.5150	0.8488	0.4120	0.2207	0.0484	0.0658	0.5860	0.0658	0.0484	0.2207	0.4120	0.8488	1.5150	5.3636	8.7310	13.8039	
16.3503	12.6474	2.5454	3.6433	0.6922	1.0609	0.1167	0.3788	0.0275	0.3145	0.0378	0.0668	0.0527	0.4917	0.3609	0.9377	5.8573	15.2982	14.7005	
10.0
4.0115	4.2296	2.7011	1.1812	0.0610	0.3984	0.0693	0.5632	0.0693	0.3984	0.0610	1.1812	2.7011	4.2296	4.0115	7.6218	7.4850	7.6218	4.0115	
9.0116	1.6712	0.6299	0.2619	0.0542	0.1100	0.0222	0.1177	0.0363	0.4381	0.1570	2.0053	0.9269	2.8159	1.8908	9.0342	7.6676	12.2281	5.5169	
10.2729	0.8961	0.2621	0.0791	0.1843	1.3037	0.1677	0.1581	0.0343	0.1329	0.0825	0.3122	0.3742	4.9118	3.5625	1.9325	5.2609	2.1968	1.9875	
9.4353	3.7533	1.2333	0.3578	0.5686	0.3935	0.1623	0.1607	0.0360	0.0233	0.0963	0.4920	0.1005	1.3088	2.2296	0.2803	1.5752	2.5029	0.3215	
3.1558	1.7890	1.0344	0.8884	0.4045	1.0766	0.5045	0.2497	0.0312	0.0690	0.0414	0.3500	0.3046	1.4721	2.4606	0.7136	1.2695	3.4252	1.3554	
3.6935	1.6240	1.0536	0.1109	0.0863	0.5787	0.6955	0.2049	0.0213	0.0539	0.0321	0.0788	0.1672	0.0694	0.4599	0.9019	0.6234	1.2138	0.6711	
8.6926	0.7452	0.5585	0.4685	1.2903	0.4057	0.1397	0.5539	0.2918	0.1381	0.1682	0.4022	0.1075	0.3117	0.6007	2.1301	2.4808	1.1663	0.3021	
3.7290	0.6296	1.5996	0.0723	0.1355	0.3913	0.3339	0.2352	0.2301	0.0433	0.3239	0.4707	0.2006	0.3709	2.5815	0.5140	0.3551	0.2996	0.3630	
2.7222	3.9607	0.4630	0.3782	0.1510	0.3797	0.1320	0.1383	0.0275	0.0690	0.2832	0.1658	0.0647	0.4463	1.0574	0.7139	0.2914	0.1689	0.0945	
0.4652	0.5375	2.9942	0.4190	0.0698	0.0675	0.0659	0.0692	0.0616	0.0210	0.0274	0.0646	0.1531	0.1003	0.2359	0.1509	0.1477	0.0323	0.1898	
1.8809	0.3726	0.5382	0.4146	0.4487	0.0303	0.4298	0.2150	0.2501	0.0851	0.1750	0.2609	0.3751	0.1085	0.0882	0.0323	0.1274	0.2446	2.5485	
1.2866	1.9278	2.6336	0.1086	0.0379	0.0653	0.6727	0.9046	0.3554	0.8405	0.6236	0.2335	0.1596	0.1010	0.0426	0.0709	0.1882	0.1956	0.8324	
3.6476	3.3610	1.5759	0.2011	0.0635	0.1933	6.9626	0.4389	0.4011	1.0232	0.8810	0.4786	0.1175	0.1507	0.0272	0.2013	0.4228	0.9003	1.5709	
3.7777	6.7499	1.4166	0.4522	0.0909	0.4564	1.1195	0.3469	0.4096	3.5773	0.8916	0.5298	0.1304	0.2302	0.0758	0.1262	0.5657	1.0099	0.7307	
3.0175	5.7352	2.3834	0.1770	0.3490	1.8112	2.1840	0.3862	0.6030	1.6106	0.6335	0.3343	0.2429	0.2162	0.7171	2.1841	1.7622	2.0971	0.7487	
4.6817	1.3320	1.6669	0.5785	0.5908	0.5923	0.5175	0.1622	0.0631	0.3168	0.0616	0.0639	0.0559	0.1417	0.1537	0.3964	1.8986	0.8652	2.3145	
5.4628	2.9592	0.5091	0.1151	0.2211	0.2779	0.0874	0.0599	0.1342	0.1531	0.0738	0.1068	0.1159	0.3182	0.1493	0.1259	0.5794	3.3095	6.8575	
6.0020	6.2878	2.4866	1.0813	0.3690	0.3167	0.0944	0.0612	0.0762	0.2672	0.2135	0.2819	0.2484	0.2550	0.2726	0.2031	2.1291	10.1204	27.5570	
4.7929	2.2658	2.6250	2.3762	0.9214	0.5943	0.0975	0.3455	0.0832	0.1122	0.0570	0.3741	0.1704	0.1219	0.4215	0.5880	6.1918	22.3129	23.7220	
15.0
4.2296	2.7011	1.1812	0.0610	0.3984	0.0693	0.5632	0.0693	0.3984	0.0610	1.1812	2.7011	4.2296	4.0115	7.6218	7.4850	7.6218	4.0115	4.2296	
1.6965	0.9066	0.4076	0.0730	0.0497	0.0356	0.2341	0.0267	0.8514	0.1588	1.5614	2.0831	2.1581	3.9584	4.2979	11.8359	4.6156	4.2625	5.2376	
0.6787	0.1418	0.2224	0.6960	0.9582	0.4525	0.2020	0.0770	0.0260	0.2076	0.4060	0.2760	1.6665	3.6041	3.9726	2.9964	3.7992	1.8478	1.8323	
1.8612	1.2474	0.6246	0.2829	0.4026	0.1493	0.1725	0.0353	0.0277	0.1276	2.0602	0.2650	0.2443	1.9939	1.0536	0.3257	1.4125	2.9991	0.1672	
1.3760	1.2926	0.5984	0.2625	1.2216	1.1794	0.6713	0.1577	0.0465	0.2020	0.5866	1.0837	0.6721	1.3874	1.2177	0.9253	6.2131	3.1311	0.6540	
1.2081	0.6873	0.3291	0.0589	0.4713	0.5761	0.2026	0.0223	0.0350	0.0426	0.0916	0.1215	0.0824	0.3146	0.7147	0.3953	2.2607	0.7396	0.1343	
0.8880	0.5993	0.3942	1.0540	0.3553	0.7129	0.7518	0.3405	0.1442	0.1397	0.7719	0.1467	0.9120	0.8648	1.0914	5.3167	1.1724	1.2124	0.2227	
0.9072	0.2847	0.1768	0.1831	0.5067	2.2125	0.6487	0.2342	0.4533	0.6633	0.2376	0.3120	0.5234	0.5423	1.5182	0.8628	0.2254	0.1754	0.0441	
1.5910	0.5609	0.2148	0.0634	0.6818	0.3646	0.3821	0.5484	0.0771	0.3491	2.0795	0.0693	0.0811	0.3687	0.3082	1.7561	0.1927	0.0751	0.0559	
0.1779	0.6190	0.1840	0.0550	0.0257	0.1897	0.4657	0.1483	0.0708	0.0394	0.1215	0.2420	0.1109	0.3175	0.0383	0.1319	0.0195	0.0799	0.0906	
0.8656	0.5986	0.1165	0.0261	0.0597	0.4753	0.2969	0.0428	0.4246	0.1403	0.4496	0.1035	0.1952	0.1065	0.0368	0.0251	0.2657	1.3982	0.6527	
0.6582	1.6916	0.1771	0.0231	0.2649	0.2418	0.1383	0.0598	0.2613	0.2004	0.3528	0.0690	0.1895	0.0456	0.1035	0.1188	0.6031	0.6278	0.5030	
1.2486	0.4658	0.4898	0.1021	0.0999	0.2977	0.7674	0.1111	2.1531	0.8260	0.4435	0.3253	0.7597	1.1447	0.0245	0.1742	0.6608	1.5355	6.0445	
1.5700	2.3238	0.4618	0.1615	0.3423	0.4472	0.3061	0.0936	0.6813	2.5472	0.6331	0.6179	0.3266	0.6710	0.0684	0.0569	0.1115	0.4110	1.1147	
0.6033	3.1424	0.4642	0.2475	0.4196	0.3046	0.2067	0.2424	1.5565	2.7181	0.9352	0.4295	0.2995	3.3910	0.5126	0.1389	0.2638	0.1257	0.4550	
1.1182	1.0911	1.8042	0.5475	2.4708	0.3855	0.1465	0.1818	0.2132	0.1883	0.2688	0.1326	0.2832	2.4259	1.3680	0.9923	1.7324	0.9488	0.6516	
1.5676	0.9861	0.9584	0.1581	0.2891	0.0514	0.0361	0.0618	0.3996	0.0639	0.0955	0.4172	0.5359	0.2743	0.5471	1.4930	1.7922	1.4268	6.3107	
2.7969	0.3767	1.3249	0.6524	0.0688	0.3386	0.0128	0.0038	0.0488	0.0742	0.0506	0.3118	1.3235	0.5754	1.0014	1.8356	4.7816	4.6258	19.7368	
0.4537	1.9103	1.0707	0.3070	0.3623	1.1279	0.0197	0.0194	0.0158	0.4033	0.2544	0.3735	0.1200	0.2493	1.5192	4.5454	9.6178	16.4501	26.0244	
20.0
2.7011	1.1812	0.0610	0.3984	0.0693	0.5632	0.0693	0.3984	0.0610	1.1812	2.7011	4.2296	4.0115	7.6218	7.4850	7.6218	4.0115	4.2296	2.7011	
1.3313	0.4496	0.0806	0.0598	0.0338	0.6920	0.0205	0.3564	0.2015	1.9940	2.0216	3.2522	2.8786	10.7157	4.3076	8.3065	2.3770	4.3623	1.7925	
0.1617	0.3686	0.6433	0.4473	0.4700	0.2396	0.1138	0.0254	0.1345	0.3661	0.2280	1.1035	1.6661	3.9421	8.1300	2.7412	4.0207	0.9644	0.4769	
0.6475	0.9153	0.3957	0.1683	0.1585	0.2806	0.0230	0.0400	0.0844	3.0351	0.7603	0.2624	0.2886	0.9557	2.7573	0.3475	1.5684	0.7421	0.0744	
0.5851	0.1431	0.1397	1.0193	0.8527	0.7440	0.0911	0.1137	0.1025	1.1291	0.3872	0.8756	0.2214	0.1934	0.9975	3.4574	2.1943	1.2995	0.5660	
0.5397	0.2245	0.1085	0.5349	1.5704	0.2874	0.1052	0.1792	0.0596	0.0568	0.0892	0.0584	0.2580	0.3033	0.3386	1.3037	0.9705	0.0720	0.0756	
0.5709	0.3064	0.1672	0.7667	1.1874	0.6779	0.3454	0.1406	0.6782	0.0521	0.1856	0.2094	0.6106	1.2493	1.2912	0.4950	0.4728	0.0316	0.2412	
0.2597	0.2404	0.2312	0.6252	2.1443	1.1592	0.3135	0.4437	0.8608	0.1745	0.3306	0.7568	0.5278	1.9841	1.4013	0.4033	0.1017	0.0469	0.1873	
0.1554	0.1481	0.4537	0.2632	0.3716	0.2384	0.2812	0.2611	0.0636	0.1303	0.4529	0.4408	0.3989	0.6906	0.4110	0.6618	0.3468	0.0617	0.2572	
0.2077	0.1988	0.3241	0.2176	0.0544	0.2952	0.5278	0.0726	0.1207	0.0958	0.2275	3.3171	1.2403	1.3837	0.0649	0.2465	0.0336	0.2662	1.1965	
0.4053	0.0778	0.1909	0.0392	0.1895	0.3977	0.1446	0.0352	0.1473	0.1936	0.0745	1.5362	2.1900	0.3069	0.0781	0.0961	0.0956	0.7739	1.5630	
1.4650	0.1822	0.0115	0.0788	0.3247	0.0368	0.0401	0.1040	0.4905	0.2105	0.0673	0.1287	0.3101	0.0173	0.0342	0.1277	0.2415	0.5401	0.2045	
0.7962	1.4903	0.1974	0.2759	0.7477	0.2205	0.3104	0.3688	1.1841	0.1646	1.5296	0.5280	0.3768	0.1074	0.1241	0.3120	0.2093	3.4267	4.2566	
1.5461	0.3852	0.1644	0.2706	0.6660	0.2620	0.1808	0.5433	1.4057	1.3351	0.4840	0.3940	0.7313	0.0549	0.1420	0.0329	0.2615	0.5200	1.0039	
0.3513	0.0950	0.0749	0.1287	0.5069	0.1227	0.2870	0.7716	1.9813	1.1557	0.6396	0.4642	0.2591	0.1182	0.1805	0.0975	0.2810	0.3176	0.3455	
0.1730	0.3224	0.1500	0.4661	4.6671	0.3354	0.5154	0.8825	2.0195	1.4178	0.2520	0.2391	0.2992	0.3767	0.2463	0.4040	3.6605	0.5361	0.3980	
2.0919	1.8743	1.2818	0.7843	0.4273	0.1510	0.3059	0.9943	1.7495	0.5608	0.6710	0.6564	2.2051	0.3779	0.4002	0.8859	9.1408	2.4812	3.1261	
0.8820	4.2690	3.3543	0.4640	1.0453	0.6600	0.0571	0.0664	0.3460	0.2918	1.0699	2.9466	1.7577	0.1960	1.5108	1.5257	4.6079	7.7390	11.4090	
0.5262	1.7211	2.0209	1.0345	0.4882	0.8291	0.0235	0.1508	0.0566	0.1924	0.1270	1.5493	0.1619	0.3506	1.3001	1.4538	4.3368	7.7808	9.2859	
25.0
1.1812	0.0610	0.3984	0.0693	0.5632	0.0693	0.3984	0.0610	1.1812	2.7011	4.2296	4.0115	7.6218	7.4850	7.6218	4.0115	4.2296	2.7011	1.1812	
0.4535	0.0894	0.0740	0.0367	0.3366	0.0365	0.2217	0.1240	1.8730	2.2244	3.3584	4.9064	5.8697	12.5532	3.2997	3.8906	2.4835	1.8646	1.0960	
0.4003	0.6893	0.3885	0.4769	0.2358	0.1340	0.0311	0.1738	0.2957	0.2333	1.1035	2.6425	2.2925	6.3794	6.5576	2.2705	1.1585	0.3599	0.3534	
1.1120	0.3330	0.1752	0.1521	0.5857	0.0201	0.0371	0.0757	2.4102	0.8536	0.7964	0.5257	0.2187	2.6398	2.6716	0.3402	0.4439	0.2249	0.0888	
0.0861	0.0773	0.2599	1.3043	0.8000	0.3099	0.5469	0.4724	0.4008	0.2549	0.3607	0.6646	0.1369	1.1833	5.1494	1.1290	0.2867	0.3288	0.0489	
0.2307	0.2974	0.7648	2.6827	1.9692	0.8358	0.6313	0.3141	0.1143	0.1564	0.0511	0.3324	0.5420	0.5669	0.7834	0.4583	0.0871	0.1029	0.1661	
0.4704	0.2389	1.3552	1.1486	0.4973	0.2488	0.1346	0.4251	0.0869	0.0395	0.1216	0.4075	1.7574	0.5740	0.1332	0.0524	0.0494	0.1954	0.1495	
0.7128	0.1982	0.3191	0.3131	0.4689	0.3373	0.1532	0.2094	0.0651	0.2807	0.7796	2.1389	3.5653	1.5022	0.6097	0.3361	0.0275	0.4791	1.8579	
0.1151	0.3648	0.4770	0.0947	0.1827	0.3841	0.6942	0.3068	0.0276	0.2569	0.6725	0.3906	0.3248	0.5368	0.2227	0.1471	0.0303	0.0618	0.3742	
0.0542	1.3714	0.1829	0.0957	0.4953	1.2254	0.0963	0.1024	0.0901	0.1692	0.8884	1.6138	0.9629	0.4339	0.1632	0.3099	0.1875	2.0316	3.3200	
0.4107	0.1467	0.1901	0.5267	0.7108	0.0808	0.5159	0.0728	0.2174	0.0817	0.6615	2.3871	0.7800	0.1175	0.4670	0.1284	1.0987	0.7232	1.3310	
0.1150	0.1074	0.4264	0.0614	0.2529	0.0668	0.1299	0.1693	0.2037	0.1469	0.1803	0.0780	0.0695	0.0766	0.0675	0.1605	0.1868	0.2264	0.6251	
0.2393	0.3622	0.0636	0.0523	1.0035	0.3906	0.2087	0.0887	0.4788	0.4049	0.1406	0.1926	0.0751	0.0314	0.0266	0.0551	0.0935	0.5684	0.3040	
0.2239	0.0690	0.0945	0.6402	4.0625	0.4774	0.0999	0.2356	1.4026	0.3755	0.1858	0.3364	0.6078	0.3869	0.0947	0.0257	0.2630	0.0815	0.0281	
0.1124	0.0329	0.0530	0.0370	0.4140	0.2982	0.3223	1.0619	3.2404	0.3006	0.2966	0.6627	0.6800	0.2302	0.0952	0.2272	0.1697	0.2474	0.1456	
0.7050	0.0854	0.0567	0.0820	0.4396	0.4579	0.4140	0.3944	1.0754	0.7601	0.0743	0.1112	0.4970	0.2312	0.1056	0.3092	1.6518	0.8998	1.2276	
1.2353	0.3509	0.1676	0.0975	0.2756	0.0985	0.6809	0.8724	3.8822	0.4189	0.2486	1.1523	0.5528	0.1880	0.2344	1.1443	6.4114	3.1189	2.4686	
0.4272	1.8178	0.6722	0.1214	0.2124	0.1470	0.1043	0.0441	0.1644	0.1702	0.3810	1.3494	0.3333	0.1318	1.8305	3.8370	8.3748	6.8267	8.4833	
6.5102	2.3721	0.3294	0.1564	0.4645	0.0915	0.0406	0.2231	0.0580	0.5496	0.1536	0.7116	0.1531	0.1051	5.0631	2.4073	3.4857	6.8261	8.2113	
30.0
0.0610	0.3984	0.0693	0.5632	0.0693	0.3984	0.0610	1.1812	2.7011	4.2296	4.0115	7.6218	7.4850	7.6218	4.0115	4.2296	2.7011	1.1812	0.0610	
0.0970	0.0780	0.0459	0.2614	0.0246	0.7110	0.0906	1.1022	2.2522	3.4292	5.0535	11.9343	5.9970	7.2582	1.7643	3.9591	0.9694	0.9286	0.1670	
0.5201	0.5029	0.3503	0.1978	0.1529	0.0579	0.2977	0.5643	0.1849	0.5848	2.9853	4.1348	3.5630	4.9343	5.2772	0.7881	0.2848	0.2121	0.2166	
0.6516	0.1607	0.5150	1.9955	0.0586	0.0186	0.0740	2.1363	0.7489	0.9802	1.5409	0.4035	0.4410	3.0626	3.0693	0.1416	0.2611	1.3388	0.0177	
0.2009	0.0828	0.8503	0.7978	0.2817	0.1435	0.2017	0.6337	0.1239	0.2026	0.2443	1.2708	0.8365	2.7056	2.0782	0.2027	0.2177	0.0701	0.0947	
0.8721	0.7184	3.3972	2.9227	3.9663	1.3239	0.4248	0.2456	0.2675	0.5475	0.7541	0.6920	0.3959	0.4622	1.0579	0.3780	0.3636	0.4614	0.1896	
0.7937	0.3222	0.8276	0.9739	0.9115	0.3515	0.2869	0.6305	0.1441	0.7427	1.7648	1.4265	0.9345	0.0863	0.0543	0.1175	0.5296	0.5482	0.2654	
0.0914	0.3313	0.3659	0.4224	0.6746	0.3945	0.1105	0.0549	0.1583	0.1346	1.4955	4.2873	3.7688	0.1803	0.3413	0.0600	0.1996	0.4097	0.5967	
0.4181	0.1805	0.5647	0.2691	0.3451	0.3891	0.1162	0.1462	0.0147	0.1871	0.2210	0.2805	0.1592	0.1498	0.0650	0.0208	0.0705	0.2131	0.0474	
0.4591	0.2136	0.6157	0.6535	0.4321	0.4539	0.2476	0.1355	0.1412	0.1416	0.9026	1.0170	0.3829	0.2555	0.2629	0.2309	0.1192	0.5649	0.4310	
0.3788	0.1039	0.3059	0.2009	0.2254	0.0591	1.4540	0.0459	0.3217	0.2312	1.2366	2.2089	0.4241	0.1845	0.4965	0.1039	0.4308	4.6951	1.9433	
0.0618	0.0824	0.3412	0.2472	0.5128	0.0251	0.1552	0.0972	0.7074	0.4522	0.4214	0.0769	0.1964	0.0584	0.1029	0.1309	0.6291	0.4079	0.0565	
0.0383	0.0240	0.0565	0.0973	0.2187	0.1962	0.1509	0.1313	0.1836	0.4091	0.1747	0.1712	0.1473	0.0528	0.0216	0.0467	0.2020	0.2944	0.0647	
0.0137	0.0470	0.0537	0.0669	0.6350	0.1453	0.1857	0.2106	0.2729	0.1557	0.2048	0.3490	0.5440	0.0622	0.0432	0.0178	0.0307	0.0543	0.0775	
0.3736	0.2921	0.0813	0.0733	0.4784	0.3396	1.3745	1.3380	0.5293	0.1766	0.9822	0.4861	1.0017	0.3812	0.9024	0.4055	1.0347	0.2826	0.1652	
1.3319	0.4774	0.0543	0.0765	0.5844	0.5996	0.7778	0.2784	1.7812	0.1758	0.4840	0.3965	0.3745	0.0765	0.1979	0.4928	1.0095	0.3123	1.5801	
1.7780	0.4867	0.2990	0.0131	0.1512	0.2149	0.4022	0.6998	1.5213	0.4903	0.3666	7.7420	0.8452	0.0598	0.1497	0.9351	3.8336	2.1719	2.7365	
0.9570	0.3228	1.1912	0.1085	0.1528	0.1648	0.1022	0.0956	0.3931	0.4154	0.3319	2.3023	0.4011	0.1218	0.5098	1.6615	1.7015	5.4513	13.9378	
3.3726	3.1614	0.3658	0.4631	0.0582	0.3798	0.0611	0.9308	0.2096	1.5558	0.3201	0.2688	0.2193	0.1386	1.2167	1.1818	2.2967	8.4501	21.7185	
35.0
0.3984	0.0693	0.5632	0.0693	0.3984	0.0610	1.1812	2.7011	4.2296	4.0115	7.6218	7.4850	7.6218	4.0115	4.2296	2.7011	1.1812	0.0610	0.3984	
0.0897	0.0659	0.2119	0.0487	0.0591	0.2896	0.5156	0.6677	1.3793	8.0465	14.7474	11.4864	4.5209	5.0624	1.1947	1.2504	0.4853	0.2263	0.0635	
0.3434	0.3457	0.4371	0.1504	0.0873	0.3047	0.6899	0.3378	0.5053	1.4858	5.2026	5.1476	2.2772	2.8786	2.0517	0.4300	0.2744	0.1688	0.0844	
0.5104	1.4033	3.4474	0.2229	0.3159	0.2598	0.3907	0.2876	0.5256	1.9879	1.8805	0.8469	0.6045	2.8091	0.4459	0.0475	0.1598	0.2813	0.0572	
0.1574	0.6802	1.4531	0.4263	0.1639	0.2453	0.4123	0.1436	0.1473	0.3105	0.6294	2.1301	0.7846	1.0810	0.1768	0.0861	0.2939	0.1994	0.1204	
0.3727	0.5477	4.7978	4.2753	0.5171	0.9533	0.6831	0.5208	1.1547	0.8646	0.6201	0.3432	0.1668	0.3249	0.2758	0.6499	0.8528	0.5763	0.5123	
0.2854	0.6480	1.3021	1.3725	0.3937	0.2219	0.4697	0.1815	0.6215	1.0241	1.4975	0.5159	0.3827	0.0419	0.1299	0.1066	0.5593	0.3864	0.4989	
0.3786	2.5910	1.0819	0.5078	0.6095	0.8163	0.1717	0.2827	0.8290	0.5050	1.5773	0.9786	0.1797	0.3274	0.0835	0.0962	0.2448	0.7503	0.5835	
0.2068	1.2316	1.7079	0.5997	0.3947	0.1181	0.1792	0.0784	0.0374	0.1589	1.0495	0.3839	0.1240	0.0607	0.0181	0.0877	0.0744	0.1302	0.1480	
0.2152	0.2372	0.0890	0.2210	0.1380	0.0487	0.0762	0.0238	0.0631	0.0563	0.4187	0.6093	0.1203	0.1113	0.0573	0.2061	0.0737	0.4328	0.4102	
0.1386	0.2940	0.4531	0.2592	0.2739	0.3376	0.0507	0.1026	0.2835	0.6101	0.7179	0.3198	0.1539	0.1126	0.2141	0.2170	1.6931	0.7229	0.1640	
0.0364	0.1936	0.1429	0.1672	0.2520	0.0423	0.1617	0.2557	0.4697	0.4424	0.2077	0.0525	0.6902	0.1536	0.1372	0.2102	0.5248	0.1532	0.0667	
0.0247	0.1604	0.7403	0.1224	0.1482	0.0805	1.2168	0.3459	1.2168	0.0805	0.1482	0.1224	0.7403	0.1604	0.0247	0.1744	0.0296	0.1560	0.2252	
0.0386	0.0302	0.0416	0.2328	0.0686	0.2076	0.3411	0.2090	0.0950	0.5370	0.0853	0.4308	0.0880	0.0568	0.0671	0.0635	0.0352	0.2301	0.2301	
0.0622	0.0295	0.0516	0.0905	0.0576	0.0845	0.3870	0.2489	0.4377	0.1513	0.0719	0.2064	0.0447	0.3040	0.1009	0.1001	0.9929	0.5440	0.2924	
0.2778	0.1527	0.0381	0.0413	0.3428	0.1330	0.0571	0.2459	0.3037	0.0707	0.0767	0.0449	0.1892	0.1111	0.0555	0.2443	1.1692	0.5113	1.2407	
0.5768	0.2958	0.1093	0.0927	0.2996	0.2143	0.2420	0.3006	0.5292	0.4398	0.6070	0.5969	0.0816	0.1921	0.1645	1.6191	1.1196	1.1414	1.6715	
0.3014	0.3977	0.0905	0.0440	0.1717	0.2482	0.0699	0.1239	0.1865	0.5605	0.1622	0.4833	0.0444	0.1297	0.2641	1.3002	0.6701	4.0754	6.7304	
0.8583	0.6009	0.1079	0.1689	0.1657	0.3728	0.1274	0.2460	0.0485	0.1365	0.1608	0.2457	0.0666	0.0570	0.6902	0.3168	2.5028	6.0845	7.7472	
40.0
0.0693	0.5632	0.0693	0.3984	0.0610	1.1812	2.7011	4.2296	4.0115	7.6218	7.4850	7.6218	4.0115	4.2296	2.7011	1.1812	0.0610	0.3984	0.0693	
0.0665	0.2386	0.0598	0.0645	0.1540	1.4467	0.4570	0.7545	7.5254	16.8196	12.1525	8.3068	3.1306	1.6914	0.6853	0.7119	0.1583	0.0655	0.0639	
0.3160	0.5278	0.1259	0.1015	0.3337	0.8784	0.4523	0.7974	1.2070	2.6900	5.8558	3.8586	1.5576	1.5332	0.9033	0.3516	0.0907	0.0729	0.1646	
1.3155	0.5470	1.4798	0.3565	1.3979	0.2013	0.2726	0.4594	0.8203	5.8388	3.8175	0.7232	0.2996	0.4111	0.2154	0.0774	0.2678	0.1535	0.0275	
0.2239	1.8946	0.5679	0.0765	0.6403	0.5226	0.1736	0.2542	0.9299	1.0041	1.1648	1.3424	0.5341	0.6149	0.2867	0.5326	0.3261	0.0931	0.1331	
0.4861	2.9536	5.5309	0.3372	1.4160	0.6929	0.7667	1.5426	0.4017	1.3010	0.3425	0.1444	0.3521	0.1822	0.7121	1.3849	0.6269	0.3820	1.0512	
3.1651	2.4967	1.7926	0.8540	0.2504	0.8411	0.0905	0.5484	0.5502	0.2305	0.5174	0.0969	0.0271	0.0642	0.0440	0.2200	0.3296	0.2967	0.7422	
1.1594	0.4190	0.2188	0.5414	0.6214	0.9123	0.1386	0.1833	0.3381	0.1414	1.1817	0.1678	0.0426	0.1297	0.1194	0.2815	0.1911	0.7841	1.0192	
0.6088	0.6671	0.7706	0.6578	0.1314	1.3191	0.5807	0.5030	0.0744	0.2582	0.4580	0.1096	0.0256	0.0685	0.0449	0.1723	0.1859	0.3093	0.1742	
0.1504	0.0959	0.4392	0.1237	0.0402	0.0167	0.0593	0.0321	0.0634	0.0504	0.2645	0.1380	0.1581	0.3230	0.1415	0.1287	0.1064	0.2921	0.8160	
0.1991	0.2467	0.2201	0.0341	0.0617	0.0216	0.1269	0.0113	0.1485	0.2218	0.2352	0.1648	0.4506	0.6178	0.2516	0.0684	0.4429	0.5681	0.1382	
0.3949	0.4440	0.1821	0.0946	0.2752	0.0576	0.0821	0.1399	0.5156	0.4096	0.0773	0.2388	0.8141	0.6067	0.1313	0.2078	0.2005	0.1846	0.0116	
0.5497	0.6893	0.2915	0.0889	0.4979	0.4325	0.1262	0.1755	0.0519	0.1753	0.1916	0.3099	0.2128	0.3284	0.0407	0.2200	0.1552	0.2046	0.0851	
0.1070	0.0651	0.1136	0.1004	0.6055	0.2823	0.5534	0.1019	0.1739	0.0512	0.1054	0.2265	0.4889	0.2551	0.0305	0.0409	0.1066	0.2945	0.3697	
0.2249	0.1466	0.0599	0.3751	0.2188	0.2344	0.1968	0.2801	0.0856	0.0481	0.1462	1.4592	0.1440	0.0789	0.3219	0.2177	0.3595	0.8812	0.2919	
0.2781	0.0928	0.0619	0.3601	0.4319	0.0940	0.4422	0.1738	0.1376	0.0221	0.1643	0.1256	0.1017	0.0417	0.2089	0.4372	0.6702	0.7438	0.7891	
0.1375	0.0920	0.0367	0.1411	0.1324	0.4352	0.2092	0.2457	0.1076	0.0721	1.2768	0.2734	0.0426	0.1326	0.3840	0.3110	1.1499	0.9655	0.5134	
0.1618	0.1308	0.0521	0.1551	0.2695	0.3030	0.1046	0.0498	0.0461	0.3478	0.0702	0.0469	0.1816	1.3916	0.8022	1.3693	0.2955	0.9157	0.6102	
0.1444	0.1278	0.0621	0.3840	0.2263	0.0614	0.0321	0.1263	0.0864	0.0963	0.0181	0.0551	0.0470	0.0717	0.9709	1.0452	3.1865	0.6027	1.1121	
45.0
0.5632	0.0693	0.3984	0.0610	1.1812	2.7011	4.2296	4.0115	7.6218	7.4850	7.6218	4.0115	4.2296	2.7011	1.1812	0.0610	0.3984	0.0693	0.5632	
0.2407	0.0659	0.0801	0.1710	0.6453	1.2565	0.4930	3.3943	15.6743	13.8039	8.7310	5.3636	1.5150	0.8488	0.4120	0.2207	0.0484	0.0658	0.5860	
0.4288	0.0777	0.0723	0.2889	1.5890	1.0782	1.1602	2.3256	2.5725	3.6265	8.1340	3.5739	1.0258	1.5994	1.2104	0.1115	0.0365	0.0661	0.1939	
0.6788	1.1109	0.4193	1.1584	0.2940	0.2097	0.4920	0.7414	5.3390	6.0468	3.1381	0.4863	0.1041	0.2038	0.2995	0.0992	0.0966	0.0861	0.1494	
1.3132	0.4947	0.1379	0.7544	1.7594	0.1600	0.1745	2.6072	0.7888	1.8388	1.2712	1.9924	0.7476	1.4140	1.8531	0.2040	0.1564	0.3060	0.1165	
2.0091	0.7095	0.2205	0.5842	0.1534	0.1836	0.6472	0.8382	0.2697	0.2309	0.3738	0.1664	0.1771	0.9778	0.4797	0.1487	0.3318	0.6083	1.9226	
3.6332	1.5939	1.1890	0.7308	1.1862	0.2247	0.2427	0.2017	0.3245	0.3036	0.2048	0.0599	0.2619	0.0801	0.1839	0.5917	0.4151	1.1615	1.8436	
0.1963	0.6681	0.4570	0.2612	0.9857	0.1130	0.0923	0.0502	0.0506	0.0635	0.1902	0.0431	0.2168	0.2026	1.4600	0.3601	0.1471	0.2442	1.6720	
0.3849	0.3403	0.6176	0.3365	0.0884	0.1222	0.1399	0.0845	0.0340	0.1024	0.0186	0.0219	0.0573	0.1437	0.3162	0.3974	0.1507	0.2844	0.2167	
0.3870	0.1459	0.4373	0.1293	0.0748	0.0776	0.0993	0.2252	0.1560	0.0296	0.1744	0.0247	0.1604	0.7403	0.1224	0.1482	0.0805	1.2168	0.3459	
0.0884	0.2371	0.1429	0.1649	0.0552	0.0131	0.0231	0.0232	0.0642	0.1796	0.1104	0.3465	0.4978	0.5325	0.0839	0.1611	0.0833	0.1184	0.0719	
0.6080	0.1317	0.0777	0.1481	0.1031	0.0081	0.0347	0.0081	0.1031	0.1481	0.0777	0.1317	0.6080	0.1317	0.0777	0.1481	0.1031	0.0081	0.0347	
0.6287	0.8393	0.2431	0.2803	0.5616	0.3074	0.1107	0.0609	0.1378	0.3419	0.0823	0.2642	0.2981	0.8809	0.0469	0.4088	0.0901	0.9277	0.1312	
0.1735	0.1978	0.1569	1.1797	0.9154	0.3274	0.0579	0.5895	0.1023	0.2668	0.2500	0.4607	0.4161	0.1520	0.1548	0.1174	0.0372	0.3213	0.2382	
0.6135	0.2733	0.6746	1.4109	2.0221	0.7118	0.4347	0.0605	0.3325	0.3560	0.7776	0.8000	0.2899	0.8831	4.5213	0.1053	0.7058	0.5577	2.0324	
0.1439	0.0495	0.7487	1.3535	4.0085	0.2579	0.0463	0.0241	0.0900	0.1907	0.2593	0.1134	0.0779	0.2457	0.1373	0.2070	0.4062	0.4834	0.5158	
0.0218	0.1386	0.0504	0.2157	0.0964	0.1760	0.1530	0.0375	0.0886	0.1763	0.3249	0.0847	0.0477	0.0492	0.1701	0.6077	0.2641	0.4823	0.6900	
0.1243	0.1162	0.1243	0.0910	0.1858	0.0955	0.1070	0.0396	0.0233	0.0554	0.0267	0.1303	0.0518	0.1888	0.8447	1.4426	1.0571	0.3371	1.0766	
0.7933	0.4855	0.0223	0.1410	0.0364	0.0984	0.0078	0.3684	0.0517	0.0135	0.0143	0.0259	0.0422	0.2254	0.4506	0.6492	0.6141	0.3106	0.0552	
50.0
0.0693	0.3984	0.0610	1.1812	2.7011	4.2296	4.0115	7.6218	7.4850	7.6218	4.0115	4.2296	2.7011	1.1812	0.0610	0.3984	0.0693	0.5632	0.0693	
0.0665	0.0890	0.2220	0.7422	0.5705	1.4118	1.7478	6.2251	12.8952	9.8364	5.5835	2.3840	0.8423	0.5117	0.1404	0.0643	0.0489	0.6085	0.0639	
0.3160	0.4358	0.7005	0.6529	0.5184	0.5986	4.1956	7.3486	2.7591	2.7871	3.2913	0.3481	0.4387	0.5073	0.7847	0.2626	0.1683	0.2023	0.1646	
1.3155	0.3957	1.0747	0.2915	0.3197	0.3436	0.7478	4.9257	5.8782	3.9107	1.6582	0.1738	0.0625	0.2769	0.4928	0.0425	0.0558	0.7428	0.0275	
0.2239	0.0653	0.1500	0.5120	0.2256	0.1500	1.0899	6.3003	1.3302	1.3137	1.4377	1.6841	0.6672	1.2278	0.1777	0.0926	0.3819	0.4204	0.1331	
0.4861	0.4193	0.7759	0.1633	0.2981	1.6484	0.4338	0.3262	0.5588	2.3073	0.5380	0.3904	0.4116	0.3837	0.2386	0.1163	1.2817	1.7246	1.0512	
3.1651	0.4497	0.4327	0.9961	0.2740	0.1595	0.4923	0.5741	0.7013	0.3334	0.5153	0.1318	0.2517	0.2257	0.1948	0.3094	0.3687	2.3822	0.7422	
1.1594	0.5427	1.5901	1.2043	0.6440	0.1777	1.0235	0.2431	0.3133	0.2147	1.3466	0.3619	0.7447	1.5340	1.3679	0.5218	0.1516	1.0280	1.0192	
0.6088	0.3803	0.5028	0.0856	0.0890	0.0691	0.6600	0.1702	0.0487	0.1008	0.0535	0.0409	0.0601	0.4771	0.1797	0.1649	0.1850	0.1808	0.1742	
0.1504	0.1282	0.3454	0.0623	0.0592	0.0887	0.3651	0.1268	0.0775	0.0122	0.0593	0.0577	0.1695	0.2309	0.0502	0.0413	0.0941	0.3257	0.8160	
0.1991	0.1124	0.1247	0.3799	0.1714	0.0788	0.0830	0.1412	0.1474	0.3939	0.0681	0.3531	0.4106	0.1785	0.0758	0.3084	0.0626	0.0866	0.1382	
0.3949	0.0628	0.2421	0.1576	0.1623	0.0873	0.0604	0.1548	0.5178	0.1497	0.1184	0.1597	0.2267	0.2004	0.0314	0.0704	0.0178	0.1191	0.0116	
0.5497	0.1473	0.1971	0.2448	0.0935	0.0129	0.1801	0.0110	0.0443	0.0562	0.2536	0.3710	0.1900	0.1004	0.1323	0.4675	0.2072	0.0560	0.0851	
0.1070	0.1710	0.4399	0.2187	0.0429	0.0289	0.0642	0.0290	0.1050	0.2275	0.2417	0.1512	0.2174	0.1462	0.3630	0.0726	0.0311	0.1183	0.3697	
0.2249	0.7895	0.2776	0.5926	0.5086	0.0960	0.1035	0.1268	0.1598	0.6567	0.1715	0.2956	0.5892	0.5034	0.1844	0.0821	0.1341	1.4832	0.2919	
0.2781	0.4685	0.3896	0.4819	0.5535	0.4878	0.2453	0.0769	0.1535	0.4326	0.4384	0.1211	0.1172	0.1284	0.6632	0.2411	0.8997	0.7952	0.7891	
0.1375	3.2589	0.5131	0.2383	0.0962	0.0513	1.4260	0.5203	0.0872	0.2181	1.0397	0.3755	0.6601	0.0348	0.3896	0.3547	3.5739	0.3758	0.5134	
0.1618	0.1759	0.4651	0.4027	0.1576	0.1323	0.0832	0.1841	0.0859	0.0382	0.0461	0.3930	0.0493	0.2854	0.2257	1.3127	4.8055	2.0198	0.6102	
0.1444	0.1278	0.0621	0.3840	0.2263	0.0614	0.0321	0.1263	0.0864	0.0963	0.0181	0.0551	0.0470	0.0717	0.9709	1.0452	3.1865	0.6027	1.1121	
55.0
0.3984	0.0610	1.1812	2.7011	4.2296	4.0115	7.6218	7.4850	7.6218	4.0115	4.2296	2.7011	1.1812	0.0610	0.3984	0.0693	0.5632	0.0693	0.3984	
0.0897	0.2505	1.0601	0.6548	0.6270	7.4574	2.7005	5.2544	9.2080	6.2306	2.4572	1.2594	0.4963	0.1121	0.0441	0.0646	0.4028	0.0658	0.0635	
0.3434	0.6540	0.4503	0.2968	0.6290	8.7142	17.3223	6.1930	2.0239	1.5335	0.3551	0.3221	0.2858	0.3489	0.4729	0.1842	0.1962	0.1099	0.0844	
0.5104	0.6878	0.3957	0.1860	0.3384	3.4587	10.2842	5.9300	3.3883	1.9059	0.4436	0.0924	0.0682	0.2859	0.1344	0.0345	0.3861	0.1067	0.0572	
0.1574	0.2409	0.1379	0.0767	0.9122	2.0257	4.2838	4.8771	1.5128	2.1745	1.9146	0.9755	0.3688	0.3184	0.3218	0.1968	0.8008	0.2172	0.1204	
0.3727	0.5073	0.2055	0.2594	2.6586	0.3425	0.5233	1.0251	1.1222	1.2042	0.3122	0.3807	0.3641	0.1395	0.1608	1.0447	2.6258	1.0547	0.5123	
0.2854	0.6752	2.4457	0.7120	1.4402	1.0627	0.9064	0.7174	1.7070	0.4620	0.1283	0.1417	0.4924	0.1120	0.1756	0.3436	0.8839	0.5065	0.4989	
0.3786	0.3947	0.8139	0.7887	0.5156	0.2021	0.2476	0.7399	0.5866	0.6415	1.1262	0.5566	0.4480	0.4693	0.8733	0.1920	0.6559	1.3035	0.5835	
0.2068	0.2400	0.7900	0.1941	0.4709	0.1369	0.3736	0.4677	0.1006	0.1621	0.0762	0.0867	0.3537	0.4330	0.2574	0.2321	0.3523	0.3197	0.1480	
0.2152	0.2230	0.0649	0.0400	0.0905	0.3754	0.2173	0.1298	0.0423	0.0643	0.0953	0.3093	0.2941	0.3674	0.0252	0.1519	0.1000	0.7878	0.4102	
0.1386	0.2943	0.0316	0.1029	0.1605	0.4810	0.2263	0.0389	0.1049	0.1152	0.2047	0.8256	0.3044	0.1133	0.3490	0.1076	0.1384	0.3724	0.1640	
0.0364	0.3048	0.2164	0.0952	1.4804	0.0516	0.1371	0.1406	0.0922	0.4968	0.4452	0.0776	0.2460	0.1808	0.0453	0.0122	0.1450	0.0144	0.0667	
0.0247	0.1744	0.0296	0.1560	0.2252	0.0993	0.0776	0.0748	0.1293	0.4373	0.1459	0.3870	0.1459	0.4373	0.1293	0.0748	0.0776	0.0993	0.2252	
0.0386	0.1487	1.3546	0.1748	0.0376	0.0726	0.8587	0.0373	0.2401	0.3300	0.7010	0.5797	0.5987	0.3045	0.1578	0.0419	0.1629	0.2807	0.2301	
0.0622	0.2073	0.2663	0.3226	0.1179	0.0273	0.1122	0.1196	0.1693	1.1677	0.1603	0.6802	0.3540	0.2921	0.4381	0.2933	0.0558	0.4975	0.2924	
0.2778	0.4266	0.2970	0.3747	0.3939	0.2144	0.0315	0.3138	0.6589	0.2324	0.1727	0.0509	0.2625	0.2029	0.1009	0.0934	1.1685	0.1678	1.2407	
0.5768	1.9719	1.0336	0.8946	0.2685	0.1934	0.2665	2.4468	0.1575	0.3137	1.7483	0.9383	0.4793	0.1279	0.1830	0.8923	0.6491	0.9004	1.6715	
0.3014	0.2547	0.9157	1.3974	0.2527	0.1959	0.1637	0.1805	0.0988	0.3065	0.2083	0.6030	0.3689	0.1086	0.1037	1.2232	1.8836	5.3439	6.7304	
0.8583	0.6009	0.1079	0.1689	0.1657	0.3728	0.1274	0.2460	0.0485	0.1365	0.1608	0.2457	0.0666	0.0570	0.6902	0.3168	2.5028	6.0845	7.7472	
60.0
0.0610	1.1812	2.7011	4.2296	4.0115	7.6218	7.4850	7.6218	4.0115	4.2296	2.7011	1.1812	0.0610	0.3984	0.0693	0.5632	0.0693	0.3984	0.0610	
0.0970	0.4765	1.1408	0.7968	2.4309	13.9475	2.2972	3.6449	5.6911	3.2675	1.9087	0.3285	0.0765	0.0341	0.0274	0.7154	0.0300	0.4672	0.1670	
0.5201	0.3587	0.2109	0.6333	9.7837	33.1986	17.5621	4.9979	1.1349	0.2517	0.2755	0.2305	0.2006	0.3825	0.3125	0.0989	0.0808	0.0923	0.2166	
0.6516	1.8228	1.3134	0.6280	6.6526	9.6184	10.0992	3.5391	1.8392	1.6034	1.3149	0.2897	0.1068	0.0884	0.0609	0.1057	0.0148	0.0109	0.0177	
0.2009	0.2403	0.0748	0.7973	6.7011	4.7600	3.4175	4.1472	1.7415	1.8120	0.4867	0.6173	0.3954	0.4843	0.2341	0.6491	0.3091	0.1301	0.0947	
0.8721	0.2752	0.6473	0.3921	2.0210	2.1392	3.2876	2.4075	0.7159	0.3159	0.2946	0.4296	0.5660	0.6557	0.5612	2.6968	7.1401	1.9639	0.1896	
0.7937	0.7404	3.0178	1.6301	1.4505	0.3111	1.1908	1.4160	1.3671	0.1527	0.3415	0.1577	0.2351	0.2732	0.1882	0.5693	0.8888	0.4803	0.2654	
0.0914	0.7680	0.6463	0.5640	0.1879	1.1233	0.3313	0.7414	1.8770	0.1817	0.7787	0.2838	0.2043	0.2782	0.6292	0.7195	0.2371	0.8213	0.5967	
0.4181	0.2202	0.0901	0.2739	0.9793	0.2768	1.1591	1.1135	0.0895	0.0940	0.1696	0.0692	0.0520	0.1451	0.1965	0.4758	0.4255	0.1333	0.0474	
0.4591	0.0843	0.8996	0.5839	0.7049	0.6745	0.3681	0.1368	0.3779	0.0776	0.2706	1.2674	0.6712	0.1149	0.0817	0.0558	0.2999	0.2743	0.4310	
0.3788	0.0390	0.1662	0.1491	2.0720	0.1188	0.1309	0.0459	0.6734	0.1333	0.2234	0.2292	0.6170	0.1352	0.2954	0.0459	0.3129	0.4154	1.9433	
0.0618	0.0437	0.1304	0.2214	0.3964	0.0884	0.0563	0.0455	0.2293	0.2049	0.2329	0.0886	0.2124	0.1443	0.0554	0.0708	0.0266	0.0505	0.0565	
0.0383	0.0791	0.0330	0.1077	0.3827	0.1344	0.0618	0.1186	0.5917	0.4378	0.7598	0.6764	0.8159	0.5445	0.1008	0.2830	0.1960	0.2101	0.0647	
0.0137	0.1135	0.0842	0.0181	0.0717	0.2413	0.0661	0.3405	0.3422	0.9539	0.3849	0.3983	0.6138	0.6333	0.1512	0.1118	0.0732	0.1015	0.0775	
0.3736	0.4472	0.8365	0.6157	0.6122	0.4354	0.1551	2.1576	0.2724	0.6545	0.6457	3.0993	0.3849	0.7394	2.4820	0.2268	0.6426	0.4831	0.1652	
1.3319	2.6707	3.4590	2.3484	0.5770	0.5843	0.0342	0.4084	0.1949	0.4168	0.6442	0.5014	0.4345	0.2979	1.2661	0.5105	2.0263	0.2960	1.5801	
1.7780	1.0969	1.4521	0.3121	0.1497	0.0675	0.1818	0.3606	0.2362	0.5046	0.8263	1.4663	0.3324	0.3717	0.3410	0.8559	1.8102	2.1752	2.7365	
0.9570	2.3276	1.0412	0.6184	0.2888	0.1108	0.1462	0.1381	0.1704	1.5319	0.2556	0.3352	0.3653	0.9782	0.5785	0.7692	1.3771	10.6560	13.9378	
3.3726	3.1614	0.3658	0.4631	0.0582	0.3798	0.0611	0.9308	0.2096	1.5558	0.3201	0.2688	0.2193	0.1386	1.2167	1.1818	2.2967	8.4501	21.7185	
65.0
1.1812	2.7011	4.2296	4.0115	7.6218	7.4850	7.6218	4.0115	4.2296	2.7011	1.1812	0.0610	0.3984	0.0693	0.5632	0.0693	0.3984	0.0610	1.1812	
0.4535	1.3186	1.6404	3.1322	3.5784	11.9213	1.9472	2.8658	2.7146	1.4358	0.3320	0.0972	0.0627	0.0196	0.4342	0.0293	0.3928	0.2044	1.0960	
0.4003	0.1504	0.5257	13.5942	42.7115	23.1863	10.2795	2.1122	0.1996	0.2721	0.2711	0.2360	0.2894	0.1939	0.1372	0.1364	0.0372	0.1763	0.3534	
1.1120	0.6286	2.2388	9.7380	24.2228	6.5800	4.1986	1.8464	1.5780	1.3874	0.7082	0.2599	0.1079	0.0899	0.0919	0.0206	0.0062	0.0085	0.0888	
0.0861	0.2068	0.4567	2.3065	5.7715	4.9102	3.1904	4.4427	0.6451	0.4975	0.3023	2.1151	0.7547	1.4075	0.2855	0.6481	0.2505	0.2299	0.0489	
0.2307	0.5654	1.3650	1.7971	2.5684	2.9381	3.4097	1.7327	0.6699	0.2200	0.2378	0.7743	0.4001	0.3017	2.3684	2.5232	1.1487	0.2317	0.1661	
0.4704	0.6599	1.7372	1.3276	1.3170	0.9464	1.5330	3.6075	0.4932	0.1304	0.2162	1.3439	0.8930	0.2063	1.0961	2.7525	0.5794	0.1462	0.1495	
0.7128	1.1255	0.5612	0.3511	0.6414	0.8381	0.7154	0.7169	0.5533	0.1562	0.2157	0.2690	0.7314	0.1867	0.7823	0.6105	0.2319	2.7114	1.8579	
0.1151	0.0787	0.5253	0.1932	2.3915	0.6188	1.1327	0.3172	0.0534	0.0654	0.1288	0.0461	0.0713	0.0470	0.4094	0.2848	0.0700	0.0835	0.3742	
0.0542	0.3333	0.4000	2.0785	0.8359	0.3745	0.2276	0.3288	0.2524	0.1586	0.2134	0.7270	0.0990	0.3159	0.0395	0.2372	0.0597	0.7118	3.3200	
0.4107	0.2421	0.5129	0.6771	3.8405	0.2477	0.5334	0.1908	0.6575	0.3080	0.3747	2.2416	0.5859	0.1847	0.1047	0.0780	0.0831	0.8950	1.3310	
0.1150	0.4693	0.5657	0.3649	0.8770	0.0691	0.1681	0.1796	4.0599	0.3450	0.2340	0.2297	1.4164	0.3392	0.3487	0.4519	0.0647	0.1996	0.6251	
0.2393	0.0737	0.2410	0.1536	0.2135	0.5015	0.1314	0.3532	1.6531	0.4399	1.9196	0.6218	0.2243	0.0989	0.1698	0.1806	0.1851	0.0718	0.3040	
0.2239	0.0515	0.0417	0.1408	0.0488	0.0731	1.0174	0.2366	0.5174	0.5062	0.3507	0.1588	0.5264	0.3819	0.5912	0.1781	0.1194	0.0830	0.0281	
0.1124	0.2108	0.1224	0.0758	0.2105	0.0825	0.5334	0.6333	0.7951	0.6121	1.4788	2.7305	0.3758	0.4877	2.2590	0.2778	0.3292	0.1733	0.1456	
0.7050	0.8228	1.4075	0.4524	0.1571	0.6360	0.3199	0.3049	0.5416	1.7141	2.3070	0.6660	0.1549	1.5649	2.4710	0.8150	1.6273	0.6591	1.2276	
1.2353	0.5295	0.5181	0.1444	0.0627	0.0687	0.0631	0.4224	0.0983	0.2785	1.4196	1.4173	0.3531	0.2825	0.3361	0.5984	2.7881	1.4811	2.4686	
0.4272	0.8550	0.6680	0.0975	0.0961	0.0883	0.0282	0.0579	0.0220	0.1927	0.6486	0.5771	0.1251	0.1565	0.5984	0.9432	3.1981	7.1499	8.4833	
6.5102	2.3721	0.3294	0.1564	0.4645	0.0915	0.0406	0.2231	0.0580	0.5496	0.1536	0.7116	0.1531	0.1051	5.0631	2.4073	3.4857	6.8261	8.2113	
70.0
2.7011	4.2296	4.0115	7.6218	7.4850	7.6218	4.0115	4.2296	2.7011	1.1812	0.0610	0.3984	0.0693	0.5632	0.0693	0.3984	0.0610	1.1812	2.7011	
1.3313	1.9377	5.5219	4.5568	3.3653	9.5943	1.5019	1.3881	1.3539	0.3571	0.0985	0.0818	0.0347	0.5831	0.0211	0.6954	0.1424	1.1383	1.7925	
0.1617	0.5635	10.7944	40.4976	23.1429	14.0669	3.4420	0.2783	0.2218	0.2823	0.2360	0.3331	0.1423	0.1188	0.2381	0.0498	0.1270	0.2703	0.4769	
0.6475	1.8474	11.7159	25.7026	16.7433	3.9501	2.6162	1.8219	1.2627	0.8525	0.7113	0.1523	0.0358	0.0839	0.0553	0.0040	0.0101	0.2725	0.0744	
0.5851	1.0906	2.0860	5.7372	7.4976	5.2838	3.2017	1.1756	0.3967	0.4715	2.4584	1.3597	0.3583	0.4627	0.2602	0.0492	0.2548	0.3734	0.5660	
0.5397	2.1240	3.4358	2.6375	5.8065	4.5079	4.0211	0.7498	0.1359	0.1464	0.4404	0.7280	0.5445	0.3823	1.6264	0.9288	0.2791	0.1424	0.0756	
0.5709	1.1361	1.7718	1.3265	1.8822	4.3118	2.9896	0.4845	0.0558	0.1650	1.5526	2.3095	0.1856	1.0274	1.2184	0.6572	0.1778	0.1283	0.2412	
0.2597	0.4899	0.6973	1.3753	1.3637	1.0821	1.1929	0.1940	0.0546	0.1837	0.3128	0.3039	0.1929	0.8046	1.0356	0.2017	0.0800	0.5385	0.1873	
0.1554	0.7729	0.3439	0.3602	1.2656	0.5843	0.6141	0.3502	0.0367	0.1379	0.1200	0.0713	0.0650	0.1297	0.3480	0.3454	0.1401	0.3148	0.2572	
0.2077	0.4969	0.8783	0.6711	0.5796	0.6132	0.2804	0.0951	0.1796	0.0277	0.1647	0.2655	0.0381	0.4040	0.1255	0.0949	0.1932	2.4732	1.1965	
0.4053	0.5898	0.5233	0.8422	1.1232	0.2212	0.1592	0.1291	0.5730	0.0958	0.1212	0.6971	0.1504	0.1038	0.2277	0.0641	0.6029	2.4668	1.5630	
1.4650	0.6583	1.1181	0.2262	1.1095	0.0597	0.1296	0.3224	0.2613	0.0645	0.2386	0.3398	1.2424	0.1383	0.0502	0.1952	0.4390	0.4167	0.2045	
0.7962	0.3331	2.0782	0.1628	0.3926	0.6579	0.9754	0.1360	0.2498	0.5134	0.3041	0.9668	0.2454	0.0946	0.0549	0.2161	0.1559	0.8453	4.2566	
1.5461	0.7240	0.6186	1.0948	2.2216	1.0182	4.7598	0.8389	0.3160	3.3881	2.3863	0.8958	0.8622	0.5577	0.3541	0.1761	0.5048	0.6075	1.0039	
0.3513	0.2818	0.8918	0.2052	0.2303	0.2833	1.1689	0.5325	0.6962	6.3645	8.4946	4.3188	0.2780	0.8942	0.3582	0.2309	0.3769	0.4368	0.3455	
0.1730	0.2827	1.8660	0.4930	1.2506	0.3263	3.1174	0.2391	1.8994	10.7061	2.0764	0.4919	0.5299	0.5690	0.1925	0.2943	1.1834	0.4377	0.3980	
2.0919	0.4145	0.3270	0.2299	0.1551	0.2034	1.9766	0.3054	0.4094	1.4429	4.7142	2.2477	0.3484	0.1449	0.0722	1.4204	1.8941	1.9309	3.1261	
0.8820	1.3341	1.4698	0.6510	0.4395	0.7405	0.1904	0.0536	0.1641	0.5862	0.7740	1.9465	0.2625	0.6790	0.4216	1.1344	4.1521	7.4893	11.4090	
0.5262	1.7211	2.0209	1.0345	0.4882	0.8291	0.0235	0.1508	0.0566	0.1924	0.1270	1.5493	0.1619	0.3506	1.3001	1.4538	4.3368	7.7808	9.2859	
75.0
4.2296	4.0115	7.6218	7.4850	7.6218	4.0115	4.2296	2.7011	1.1812	0.0610	0.3984	0.0693	0.5632	0.0693	0.3984	0.0610	1.1812	2.7011	4.2296	
1.6965	7.5934	10.1154	4.2624	2.9865	6.2449	0.8346	0.7502	0.3896	0.1044	0.0965	0.0470	0.2631	0.0140	0.1651	0.2173	0.9121	1.8753	5.2376	
0.6787	8.1063	26.6015	23.7623	18.2023	6.3842	0.5502	0.2945	0.2109	0.2137	0.4103	0.1341	0.1351	0.1459	0.1032	0.1815	0.2648	0.3459	1.8323	
1.8612	8.8032	22.2128	23.2825	11.1490	3.9620	1.7602	1.0577	0.7349	1.4817	0.3989	0.0796	0.0479	0.0343	0.0070	0.0113	0.2117	0.3167	0.1672	
1.3760	4.1053	8.8071	15.0795	6.2841	3.5750	0.9834	0.8055	0.3111	3.1554	3.0068	1.0558	0.3058	0.3296	0.0618	0.0694	0.3768	0.8660	0.6540	
1.2081	2.8453	7.0209	8.0143	10.7915	5.4805	2.5403	0.3335	0.1627	0.8617	0.7135	0.3908	0.1709	0.1609	0.0620	0.1240	0.1099	0.1441	0.1343	
0.8880	3.2752	6.8424	5.9084	4.1506	2.7034	0.6795	0.6291	0.1726	1.6514	0.8544	0.4410	0.5143	0.3930	0.0718	0.0861	0.2711	0.0614	0.2227	
0.9072	1.2643	4.1616	1.9815	2.3831	2.6699	0.3076	0.0355	0.2524	0.3209	0.6083	0.2446	0.8819	1.1108	0.6319	0.0716	0.1245	0.0948	0.0441	
1.5910	0.4895	0.7495	0.7321	0.6588	0.3422	0.2710	0.2695	0.0399	0.3603	1.1424	0.0658	0.0811	0.2548	0.2164	0.7224	0.0922	0.0906	0.0559	
0.1779	0.5918	0.6036	0.4521	0.4477	0.4210	0.1315	0.0995	0.0635	0.0501	0.1588	0.1417	0.1592	0.0648	0.0836	0.1804	0.0556	0.3893	0.0906	
0.8656	1.1260	0.4816	0.6854	1.2713	0.3761	0.3824	0.0534	0.5452	1.4116	0.6107	0.6508	0.6254	0.0880	0.2622	0.1605	0.1308	0.2370	0.6527	
0.6582	1.2348	0.8535	0.3336	0.9957	0.1316	0.2265	0.1640	0.5780	0.5067	0.5767	0.3490	0.3450	0.0724	0.1480	0.2084	0.1359	0.1989	0.5030	
1.2486	0.6313	1.0096	0.3390	2.0800	0.6641	0.7924	0.2796	0.5773	0.3906	0.6702	0.4924	0.1372	0.3542	0.0449	0.3280	0.7465	4.1859	6.0445	
1.5700	0.8562	1.0995	0.9889	0.9622	0.6113	1.0294	0.1770	0.4144	0.8352	0.7839	0.4330	0.5273	0.2450	0.4496	0.1681	0.5194	1.2814	1.1147	
0.6033	0.6039	0.6869	0.6328	0.3769	0.1517	0.6260	0.3329	0.5653	1.6341	9.0295	2.0010	0.3028	2.0708	0.4631	1.1439	0.6483	1.5602	0.4550	
1.1182	0.8592	2.0208	0.3005	0.2121	0.6010	1.3499	0.1741	0.2578	1.1143	0.5272	0.0809	0.5738	0.5578	0.1832	0.1794	2.2979	1.3400	0.6516	
1.5676	0.5955	0.2600	0.2016	0.1802	0.2974	0.6037	0.6328	0.0913	0.2878	1.1925	0.2176	0.1402	0.2751	0.0605	0.8866	8.2020	4.4866	6.3107	
2.7969	0.7225	0.2806	0.2597	0.6603	2.6521	0.1330	0.0296	0.0365	0.2974	0.1259	0.1539	0.4385	0.6904	0.5638	1.7557	11.1965	23.3522	19.7368	
0.4537	1.9103	1.0707	0.3070	0.3623	1.1279	0.0197	0.0194	0.0158	0.4033	0.2544	0.3735	0.1200	0.2493	1.5192	4.5454	9.6178	16.4501	26.0244	
80.0
4.0115	7.6218	7.4850	7.6218	4.0115	4.2296	2.7011	1.1812	0.0610	0.3984	0.0693	0.5632	0.0693	0.3984	0.0610	1.1812	2.7011	4.2296	4.0115	
9.0116	15.7788	11.4561	4.4105	2.1849	1.7026	0.4407	0.2332	0.0845	0.0974	0.0420	0.2447	0.0244	0.3312	0.1191	0.9752	0.9053	4.7067	5.5169	
10.2729	30.7907	18.3111	16.7487	6.3142	0.7085	0.3701	0.0838	0.1084	0.3330	0.0534	0.2247	0.0628	0.7488	0.1542	0.2845	0.3931	2.1363	1.9875	
9.4353	14.1148	34.7094	20.2100	9.8136	1.8634	1.0761	0.7490	0.7641	0.3781	0.3613	0.3452	0.0140	0.0117	0.0645	0.1271	0.1481	0.8795	0.3215	
3.1558	9.2444	13.2265	9.5086	3.7982	1.3804	0.5966	0.3534	1.3620	2.7138	0.3158	0.0816	0.1366	0.0266	0.0452	0.2787	0.4337	0.9155	1.3554	
3.6935	5.9886	10.4743	6.5608	8.0358	3.7337	1.3656	0.1422	0.3542	1.3047	0.3081	0.1994	0.1214	0.0553	0.0943	0.1842	0.2042	0.1258	0.6711	
8.6926	12.6441	14.2539	2.6708	1.9904	0.9478	0.2925	0.1396	1.0918	0.6120	0.6872	0.5130	0.3614	0.0703	0.0668	0.2460	0.0687	0.2970	0.3021	
3.7290	6.5548	4.9923	2.8279	0.7146	0.3265	0.1483	0.0278	0.4527	0.5969	0.2232	0.5358	0.2461	0.0593	0.1534	0.1089	0.0879	0.0292	0.3630	
2.7222	0.8884	0.9671	0.4981	0.8898	1.0915	0.9942	0.1655	0.0377	0.3788	0.1691	0.1828	0.0416	0.0361	0.0810	0.5456	0.1241	0.0863	0.0945	
0.4652	1.2984	0.4427	0.5731	0.7547	0.9777	0.2998	0.0582	0.2166	0.0393	0.0616	0.0425	0.0113	0.0762	0.1192	0.2002	0.1214	0.0885	0.1898	
1.8809	0.6522	0.5031	1.9775	3.1476	0.3163	0.1139	0.1540	0.5491	0.2873	0.1882	0.0867	0.3486	0.9266	0.1118	0.0510	0.2012	0.2333	2.5485	
1.2866	5.1650	3.0838	0.7409	4.0582	0.0973	0.1416	0.2879	1.4942	1.0989	0.3001	0.1779	0.9520	0.4767	0.2116	0.2718	0.7098	1.4250	0.8324	
3.6476	3.8690	2.5541	1.4301	1.2213	0.3209	0.3787	0.4120	2.3130	1.4268	1.1535	0.9148	1.0628	0.4443	0.0931	0.3035	0.3872	1.8286	1.5709	
3.7777	2.0739	1.7122	5.0763	0.8522	0.1962	0.1696	0.5354	2.1067	0.9531	0.3139	0.0930	0.3922	0.0646	0.0791	0.0450	0.2180	0.4805	0.7307	
3.0175	3.9253	2.8557	1.8515	1.4462	0.0622	0.1469	0.3472	2.8990	3.5960	0.9538	0.3747	0.4186	0.6820	0.4017	0.1387	0.2449	0.1425	0.7487	
4.6817	4.6799	7.1344	1.4073	0.1344	0.3599	0.1985	0.0797	0.7875	0.6705	0.3683	0.1834	0.2529	1.1945	0.2396	0.1612	0.1259	1.1438	2.3145	
5.4628	6.8683	1.8702	0.2627	0.1857	0.3888	1.0647	0.3823	0.9773	0.7275	1.1416	0.4046	0.9215	0.3117	0.2228	0.4848	0.6486	5.3271	6.8575	
6.0020	2.2708	2.6763	1.0003	0.2368	0.3379	0.1908	0.0290	0.1240	0.2678	0.7022	0.2737	0.5910	0.4362	0.1640	0.4619	10.3652	40.7865	27.5570	
4.7929	2.2658	2.6250	2.3762	0.9214	0.5943	0.0975	0.3455	0.0832	0.1122	0.0570	0.3741	0.1704	0.1219	0.4215	0.5880	6.1918	22.3129	23.7220	
85.0
7.6218	7.4850	7.6218	4.0115	4.2296	2.7011	1.1812	0.0610	0.3984	0.0693	0.5632	0.0693	0.3984	0.0610	1.1812	2.7011	4.2296	4.0115	7.6218	
15.9377	15.0459	8.8605	2.6786	0.7359	1.2135	0.1730	0.0556	0.0928	0.0444	0.2487	0.0306	0.2835	0.0812	0.5483	1.3795	2.6571	5.7282	11.7956	
33.2036	21.3370	13.8628	6.8251	0.7123	0.4300	0.1040	0.1394	0.2630	0.0560	0.2517	0.0466	0.3734	0.1424	0.6508	0.5112	4.0248	1.2607	3.4916	
17.3437	25.4165	22.4590	8.1730	4.2857	0.9070	0.3298	0.1212	0.3931	0.3014	0.3766	0.0089	0.0133	0.0468	0.9883	0.0754	0.9293	1.7721	0.2829	
8.9203	11.3386	7.9426	4.2593	1.8410	1.1126	0.1686	0.5449	1.3578	0.2131	0.0766	0.1465	0.0459	0.0287	0.4198	0.5484	1.4827	1.8966	0.7906	
8.6533	7.0247	8.5065	4.8740	6.4050	2.7102	0.1091	0.1650	0.3495	0.3070	0.1679	0.0925	0.1106	0.0590	0.2625	0.5165	0.1513	0.2895	2.3787	
12.6664	11.2426	4.9642	1.7920	1.1896	0.3324	0.0482	0.2405	0.4133	0.3513	0.4402	0.1762	0.6834	0.0521	0.2170	0.0704	0.5065	0.1601	1.0886	
4.3363	2.1097	4.9522	1.8933	0.5076	0.4374	0.0271	0.0368	0.5095	0.3727	0.9313	0.1831	0.0409	0.1186	0.2742	0.1509	0.0283	0.1037	0.2626	
0.8188	1.7200	0.8267	0.5922	2.0121	2.2306	0.5308	0.0683	0.0336	0.3212	0.5480	0.0475	0.0427	0.1159	0.1406	0.2040	0.0542	0.1189	0.6206	
0.3336	0.1447	0.8727	2.1904	1.2528	1.2712	0.3011	0.0768	0.0481	0.0152	0.0376	0.0750	0.0700	0.0453	0.1031	0.0987	0.1254	0.1047	0.5597	
1.1405	0.6381	0.8694	3.0497	2.4260	0.1853	0.2554	0.0392	0.4571	0.0895	0.0263	0.1592	0.1026	0.0764	0.1514	0.1241	0.5268	0.2974	0.2549	
4.9710	6.8992	6.2654	2.2630	0.8815	0.1112	0.1053	0.4209	0.6259	0.2095	0.2919	0.0941	0.1554	0.2085	0.1763	0.2700	1.5802	0.8738	0.2747	
15.9081	11.5300	7.5581	1.0247	1.0665	0.6179	1.0618	0.3805	0.2370	0.2888	0.8286	0.2942	0.0893	0.1417	0.1256	0.1784	0.4184	2.2823	2.4775	
11.4095	8.1466	3.8572	2.3895	0.8052	0.2410	0.1330	0.2049	0.3910	0.2359	0.0183	0.0726	0.0299	0.0993	0.1326	0.0654	0.4117	1.7031	1.8690	
14.1595	9.1363	3.9171	1.5348	2.8730	0.4160	0.2067	1.3369	1.1834	0.9515	0.1479	0.0788	0.1120	0.6329	0.9179	0.5028	1.2409	1.6716	1.1540	
23.4941	18.3038	12.1221	3.6028	1.2712	0.4072	0.2901	0.4481	0.3077	0.1140	0.0513	0.0139	0.1336	1.6807	0.6344	0.2684	0.3438	0.9527	1.3548	
27.5570	40.7865	10.3652	0.4619	0.1640	0.4362	0.5910	0.2737	0.7022	0.2678	0.1240	0.0290	0.1908	0.3379	0.2368	1.0003	2.6763	2.2708	6.0020	
13.8039	15.6743	3.3943	0.4930	1.2565	0.6453	0.1710	0.0801	0.0659	0.2407	0.0659	0.0801	0.1710	0.6453	1.2565	0.4930	3.3943	15.6743	13.8039	
16.3503	12.6474	2.5454	3.6433	0.6922	1.0609	0.1167	0.3788	0.0275	0.3145	0.0378	0.0668	0.0527	0.4917	0.3609	0.9377	5.8573	15.2982	14.7005	
90.0
7.4850	7.6218	4.0115	4.2296	2.7011	1.1812	0.0610	0.3984	0.0693	0.5632	0.0693	0.3984	0.0610	1.1812	2.7011	4.2296	4.0115	7.6218	7.4850	
14.7005	15.2982	5.8573	0.9377	0.3609	0.4917	0.0527	0.0668	0.0378	0.3145	0.0275	0.3788	0.1167	1.0609	0.6922	3.6433	2.5454	12.6474	16.3503	
23.7220	22.3129	6.1918	0.5880	0.4215	0.1219	0.1704	0.3741	0.0570	0.1122	0.0832	0.3455	0.0975	0.5943	0.9214	2.3762	2.6250	2.2658	4.7929	
26.0244	16.4501	9.6178	4.5454	1.5192	0.2493	0.1200	0.3735	0.2544	0.4033	0.0158	0.0194	0.0197	1.1279	0.3623	0.3070	1.0707	1.9103	0.4537	
9.2859	7.7808	4.3368	1.4538	1.3001	0.3506	0.1619	1.5493	0.1270	0.1924	0.0566	0.1508	0.0235	0.8291	0.4882	1.0345	2.0209	1.7211	0.5262	
8.2113	6.8261	3.4857	2.4073	5.0631	0.1051	0.1531	0.7116	0.1536	0.5496	0.0580	0.2231	0.0406	0.0915	0.4645	0.1564	0.3294	2.3721	6.5102	
21.7185	8.4501	2.2967	1.1818	1.2167	0.1386	0.2193	0.2688	0.3201	1.5558	0.2096	0.9308	0.0611	0.3798	0.0582	0.4631	0.3658	3.1614	3.3726	
7.7472	6.0845	2.5028	0.3168	0.6902	0.0570	0.0666	0.2457	0.1608	0.1365	0.0485	0.2460	0.1274	0.3728	0.1657	0.1689	0.1079	0.6009	0.8583	
1.1121	0.6027	3.1865	1.0452	0.9709	0.0717	0.0470	0.0551	0.0181	0.0963	0.0864	0.1263	0.0321	0.0614	0.2263	0.3840	0.0621	0.1278	0.1444	
0.0552	0.3106	0.6141	0.6492	0.4506	0.2254	0.0422	0.0259	0.0143	0.0135	0.0517	0.3684	0.0078	0.0984	0.0364	0.1410	0.0223	0.4855	0.7933	
1.1121	0.6027	3.1865	1.0452	0.9709	0.0717	0.0470	0.0551	0.0181	0.0963	0.0864	0.1263	0.0321	0.0614	0.2263	0.3840	0.0621	0.1278	0.1444	
7.7472	6.0845	2.5028	0.3168	0.6902	0.0570	0.0666	0.2457	0.1608	0.1365	0.0485	0.2460	0.1274	0.3728	0.1657	0.1689	0.1079	0.6009	0.8583	
21.7185	8.4501	2.2967	1.1818	1.2167	0.1386	0.2193	0.2688	0.3201	1.5558	0.2096	0.9308	0.0611	0.3798	0.0582	0.4631	0.3658	3.1614	3.3726	
8.2113	6.8261	3.4857	2.4073	5.0631	0.1051	0.1531	0.7116	0.1536	0.5496	0.0580	0.2231	0.0406	0.0915	0.4645	0.1564	0.3294	2.3721	6.5102	
9.2859	7.7808	4.3368	1.4538	1.3001	0.3506	0.1619	1.5493	0.1270	0.1924	0.0566	0.1508	0.0235	0.8291	0.4882	1.0345	2.0209	1.7211	0.5262	
26.0244	16.4501	9.6178	4.5454	1.5192	0.2493	0.1200	0.3735	0.2544	0.4033	0.0158	0.0194	0.0197	1.1279	0.3623	0.3070	1.0707	1.9103	0.4537	
23.7220	22.3129	6.1918	0.5880	0.4215	0.1219	0.1704	0.3741	0.0570	0.1122	0.0832	0.3455	0.0975	0.5943	0.9214	2.3762	2.6250	2.2658	4.7929	
14.7005	15.2982	5.8573	0.9377	0.3609	0.4917	0.0527	0.0668	0.0378	0.3145	0.0275	0.3788	0.1167	1.0609	0.6922	3.6433	2.5454	12.6474	16.3503	
7.4850	7.6218	4.0115	4.2296	2.7011	1.1812	0.0610	0.3984	0.0693	0.5632	0.0693	0.3984	0.0610	1.1812	2.7011	4.2296	4.0115	7.6218	7.4850	
